11111111111111111111111111111111111111111111111111111111111111111111111111111111111
11111111111111111111111111111111111111111111111111111111111111111111111111111111111
11111111111111111111111111111111111111111111111111111111111111111111111111111111111
11111111111111111111111111111111111111111111111111111111111111111111111111111111111
11111111111111111111111111111111111111111111111111111111111111111111111111111111111
11111111111111111111111111111111111111111111111111111111111111111111111111111111111
11999999999999911111119999991119999999111111111199999911111111111111999999911111111
11999999999999999911119999991119999999111111111199999911111111111111999999991111111
11999999999999999991119999991119999999111111111199999911111111111119999999999111111
11999999911119999991119999991119999999111111111199999911111111111199999999999111111
11999999999999999991119999991119999999111111111199999911111111111199999199999911111
11999999999999999911119999991119999999111111111199999911111111111999991199999911111
11999999999999911111119999991119999999111111111199999911111111111999999999999991111
11999999911111111111119999991119999999111111111199999911111111119999999999999999111
11999999911111111111119999991119999999999999911199999999999999199999911119999999111
11999999911111111111119999991119999999999999911199999999999999199999111111999999911
11111111111111111111111111111111111111111111111111111111111111111111111111111111111
11111111111111111111111111111111111111111111111111111111111111111111111111111111111
11111111111111111111111111111111111111111111111111111111199999119911111911199999911
11111111111111111111111111111111111111111111111111111111199119911991119911991111111
11111111111111111111111111111111111111111111111111111111199199911991199119911999911
11111111111111111111111111111111111111111111111111111111199111111199191119911119911
11111111111111111111111111111111111111111111111111111111199111111119991111199999911
11111111111111111111111111111111111111111111111111111111111111111111111111111111111