11111111111111111111111111111111111111111111111111111111111111111111111111111111111
11111111111111111111111111111111111111111111111111111111111111111111111111111111111
11111111111111111111111111111111111111111111111111111111111111111111111111111111111
11111111111111111111111111111111111111111111111111111111111111111111111111111111111
11111111111111111111111111111111111111111111111111111111111111111111111111111111111
11111111111111111111111111111111111111111111111111111111111111111111111111111111111
11111111111111111111111111111111111111111111111111111111111111111111111111111111111
11111188888888888811111188881111888811111111118888811111111111111888888111111111111
11111188881111188888111188881111888881111111118888811111111111118888888811111111111
11111188881111118888111188881111888881111111118888811111111111188881888811111111111
11111188881111118888111188881111888881111111118888811111111111188811188881111111111
11111188881111888881111188881111888881111111118888811111111111888811118888111111111
11111188888888888111111188881111888881111111118888811111111118888111118888111111111
11111188881111111111111188881111888881111111118888811111111188888888888888811111111
11111188881111111111111188881111888881111111118888811111111188881111111888881111111
11111188881111111111111188881111888888888881118888888888811888811111111188888111111
11111188881111111111111188811111188888888881111888888888818888111111111118888111111
11111111111111111111111111111111111111111111111111111111111111111111111111111111111
11111111111111111111111111111111111111111111111111111111111111111111111111111111111
11111111111111111111111111111111111111111111111111111111111111111111111111111111111
11111111111111111111111111111111111111111111111111111111111111111111111111111111111
11111111111111111111111111111111111111111111111111111111111111111111111111111111111
11111111111111111111111111111111111111111111111111111111111111111111111111111111111
11111111111111111111111111111111111111111111111111111111111111111111111111111006781
